Webots Project File version R2022a
perspectives: 000000ff00000000fd000000030000000000000064000003fffc0100000001fb0000001e00480074006d006c0052006f0062006f007400570069006e0064006f0077010000000000000064000000000000000000000001000001b800000305fc0200000001fb0000001400540065007800740045006400690074006f00720000000016000003050000004100ffffff000000030000078000000062fc0100000001fb0000001a0043006f006e0073006f006c00650041006c006c0041006c006c0100000000000007800000006900ffffff000007800000037400000001000000020000000100000008fc00000000
simulationViewPerspectives: 000000ff0000000100000002000001e9000005950100000002010000000100
sceneTreePerspectives: 000000ff000000010000000200000143000000fa0100000002010000000200
maximizedDockId: -1
centralWidgetVisible: 1
projectionMode: PERSPECTIVE
orthographicViewHeight: 1.76859
textFiles: -1
consoles: Console:All:All
renderingDevicePerspectives: e-puck:camera;1;0.262963;0;0
